
===== 标普500（持有年化 +9.3% / 回撤 -57%）=====
  lo hi   vol  gamma  cagr   mdd  calmar  calmar1  calmar2    ok
  40 80 +0.15  +1.50 +0.05 -0.20   +0.25    +0.29    +0.22 False
  35 85 +0.10  +1.00 +0.04 -0.18   +0.24    +0.30    +0.21 False
  25 75 +0.10  +1.50 +0.05 -0.20   +0.24    +0.27    +0.28 False
  40 90 +0.10  +1.00 +0.04 -0.15   +0.24    +0.27    +0.22 False
  35 85 +0.15  +1.00 +0.05 -0.22   +0.24    +0.27    +0.23 False
  40 80 +0.10  +1.00 +0.04 -0.18   +0.24    +0.28    +0.20 False
  40 90 +0.15  +1.00 +0.04 -0.18   +0.24    +0.26    +0.25 False
  25 75 +0.10  +1.00 +0.05 -0.21   +0.24    +0.26    +0.29 False
  25 75 +0.15  +1.50 +0.06 -0.25   +0.23    +0.26    +0.27 False
  35 85 +0.15  +1.50 +0.05 -0.22   +0.23    +0.31    +0.20 False
  25 75 +0.15  +1.00 +0.06 -0.27   +0.23    +0.25    +0.28 False
preq    +0.10  +1.50 +0.05 -0.21   +0.23    +0.26    +0.11 False

===== 纳指（持有年化 +11.4% / 回撤 -78%）=====
  lo hi   vol  gamma  cagr   mdd  calmar  calmar1  calmar2    ok
  40 80 +0.15  +1.00 +0.07 -0.17   +0.41    +0.48    +0.36 False
  20 80 +0.15  +1.00 +0.07 -0.19   +0.39    +0.50    +0.35 False
preq    +0.15  +1.00 +0.07 -0.19   +0.39    +0.50    +0.24 False
preq    +0.15  +1.50 +0.07 -0.19   +0.38    +0.49    +0.22 False
  20 80 +0.15  +1.50 +0.07 -0.19   +0.38    +0.49    +0.34 False
  30 70 +0.15  +1.00 +0.08 -0.21   +0.36    +0.47    +0.33 False
  35 85 +0.15  +1.00 +0.07 -0.19   +0.36    +0.45    +0.33 False
  30 70 +0.15  +1.50 +0.07 -0.21   +0.36    +0.50    +0.32 False
  25 75 +0.15  +1.00 +0.07 -0.21   +0.36    +0.47    +0.32 False
  40 80 +0.15  +1.50 +0.07 -0.19   +0.36    +0.46    +0.32 False
  25 75 +0.15  +1.50 +0.07 -0.21   +0.35    +0.48    +0.31 False
preq    +0.10  +1.00 +0.06 -0.17   +0.33    +0.46    +0.19 False
